13\22.txt 0 35.7815 -18.1296
13\22.txt 1 -9.44626 -53.6262
13\22.txt 2 16.9916 -12.9725
13\22.txt 3 -10.3751 27.3744
13\22.txt 4 -9.73943 39.9768
16\6.txt 0 -59.1713 5.26797
16\6.txt 1 -6.27443 22.464
16\6.txt 2 -11.5828 54.2479
16\6.txt 3 -9.17361 4.10424
16\6.txt 4 -44.7695 6.75959
33\22.txt 0 35.5838 20.8277
33\22.txt 1 -25.1396 -29.8328
33\22.txt 2 -57.1496 -4.34952
58\15.txt 0 16.0966 10.8581
58\15.txt 1 13.1564 4.46203
61\31.txt 0 33.0013 12.6456
61\31.txt 1 -6.822 -18.4786
61\31.txt 2 -15.9475 3.26773
61\31.txt 3 -15.4166 7.76709
61\31.txt 4 5.22033 -4.66348
73\18.txt 0 -22.4715 16.8236
73\18.txt 1 4.16129 8.22701
73\18.txt 2 -10.8755 3.11816
75\0.txt 0 -8.96761 27.1953
75\0.txt 1 21.1004 -29.3219
75\0.txt 2 -57.1521 -3.82554
77\27.txt 0 -8.42885 34.8418
77\27.txt 1 -29.5393 -25.6405
77\27.txt 2 -1.30118 26.0443
81\11.txt 0 -6.79602 4.22069
81\11.txt 1 -1.28781 6.27228
87\0.txt 0 14.0366 7.27826
87\0.txt 1 18.8053 20.9609
87\0.txt 2 -5.21009 -23.1269
